[[0.    0.    0.    0.    0.    0.    0.    0.    0.    0.    0.    0.    0.    0.    0.    0.    0.    0.    0.    0.    0.    0.    0.    0.    0.    0.    0.    0.    0.    0.    0.    0.    0.    0.    0.    0.    0.    0.    0.    0.    0.    0.    0.    0.    0.    0.    0.    0.    0.    0.    0.    0.    0.    0.    0.    0.    0.    0.    0.    0.    0.    0.    0.    0.   ]
 [0.    0.    0.    0.    0.    0.    0.    0.    0.    0.    0.    0.    0.001 0.    0.    0.001 0.    0.    0.    0.    0.    0.    0.    0.    0.    0.    0.    0.    0.    0.    0.    0.    0.    0.    0.    0.    0.    0.    0.    0.    0.    0.    0.    0.    0.    0.    0.    0.    0.    0.    0.    0.    0.    0.    0.    0.    0.    0.    0.    0.    0.    0.    0.    0.   ]
 [0.    0.    0.    0.    0.    0.    0.    0.    0.    0.001 0.    0.001 0.    0.062 0.015 0.    0.077 0.011 0.    0.    0.    0.    0.    0.    0.    0.    0.    0.    0.    0.    0.    0.    0.    0.    0.    0.    0.    0.    0.    0.    0.    0.    0.    0.    0.    0.    0.    0.    0.    0.    0.    0.    0.    0.    0.    0.    0.    0.    0.    0.    0.    0.    0.    0.   ]
 [0.    0.    0.    0.    0.    0.    0.    0.    0.001 0.001 0.039 0.069 0.008 0.142 0.161 0.009 0.186 0.187 0.    0.    0.    0.    0.    0.    0.    0.    0.    0.    0.    0.    0.    0.    0.    0.    0.    0.    0.    0.    0.    0.    0.    0.    0.    0.    0.    0.    0.    0.    0.    0.    0.    0.    0.    0.007 0.    0.    0.    0.    0.    0.    0.    0.    0.    0.   ]
 [0.    0.    0.    0.    0.    0.    0.    0.    0.011 0.009 0.043 0.088 0.002 0.097 0.148 0.001 0.127 0.306 0.    0.    0.    0.    0.    0.    0.    0.    0.    0.    0.    0.    0.    0.    0.    0.    0.    0.    0.    0.    0.    0.    0.    0.    0.    0.    0.    0.    0.    0.    0.001 0.003 0.02  0.009 0.    0.019 0.069 0.    0.    0.    0.    0.    0.    0.    0.    0.   ]
 [0.    0.    0.    0.    0.    0.    0.    0.    0.011 0.001 0.002 0.033 0.    0.001 0.011 0.001 0.077 0.306 0.    0.    0.    0.    0.    0.    0.    0.    0.    0.    0.    0.    0.    0.    0.    0.    0.    0.    0.001 0.    0.    0.    0.    0.    0.    0.    0.    0.    0.    0.002 0.01  0.006 0.103 0.131 0.009 0.003 0.207 0.092 0.    0.    0.    0.    0.    0.    0.    0.   ]
 [0.    0.    0.    0.    0.    0.    0.    0.006 0.02  0.006 0.    0.    0.    0.    0.    0.    0.171 0.245 0.    0.    0.    0.    0.    0.    0.    0.    0.    0.    0.    0.    0.    0.    0.    0.    0.    0.    0.001 0.002 0.    0.    0.    0.    0.    0.    0.    0.    0.001 0.026 0.042 0.003 0.083 0.121 0.    0.001 0.213 0.266 0.011 0.    0.    0.    0.    0.    0.    0.   ]
 [0.    0.    0.    0.    0.    0.    0.    0.    0.009 0.    0.062 0.    0.    0.    0.    0.062 0.072 0.236 0.    0.    0.    0.    0.    0.    0.    0.    0.    0.    0.    0.    0.    0.    0.    0.    0.    0.001 0.    0.017 0.001 0.    0.    0.    0.    0.    0.    0.005 0.015 0.049 0.074 0.    0.001 0.006 0.    0.    0.053 0.199 0.132 0.    0.    0.    0.    0.    0.    0.   ]
 [0.    0.    0.    0.    0.    0.    0.    0.001 0.012 0.    0.168 0.003 0.    0.    0.051 0.001 0.001 0.288 0.    0.    0.    0.    0.    0.    0.    0.    0.    0.001 0.001 0.    0.    0.    0.    0.    0.001 0.004 0.003 0.073 0.007 0.    0.    0.    0.    0.    0.    0.009 0.009 0.025 0.041 0.    0.    0.    0.    0.01  0.03  0.009 0.296 0.    0.    0.    0.    0.    0.    0.   ]
 [0.    0.    0.    0.    0.    0.    0.    0.004 0.001 0.004 0.148 0.005 0.    0.    0.24  0.    0.    0.196 0.    0.    0.    0.    0.    0.    0.    0.    0.001 0.    0.002 0.    0.001 0.001 0.001 0.    0.001 0.001 0.002 0.088 0.012 0.    0.    0.    0.    0.    0.    0.005 0.001 0.001 0.    0.    0.    0.    0.    0.    0.    0.001 0.301 0.    0.    0.    0.    0.    0.    0.   ]
 [0.    0.    0.    0.    0.    0.    0.    0.07  0.229 0.231 0.081 0.003 0.001 0.252 0.568 0.348 0.217 0.098 0.    0.    0.    0.    0.    0.    0.    0.001 0.001 0.002 0.041 0.039 0.002 0.002 0.003 0.    0.001 0.003 0.    0.093 0.011 0.    0.001 0.002 0.    0.    0.032 0.208 0.307 0.18  0.    0.    0.    0.    0.    0.    0.11  0.    0.258 0.    0.    0.    0.    0.    0.    0.   ]
 [0.    0.    0.    0.    0.    0.    0.    0.    0.    0.    0.075 0.28  0.334 0.288 0.112 0.    0.    0.    0.    0.    0.    0.    0.    0.    0.001 0.003 0.002 0.002 0.037 0.101 0.002 0.001 0.004 0.004 0.006 0.002 0.011 0.096 0.001 0.001 0.018 0.009 0.    0.    0.    0.015 0.088 0.077 0.    0.    0.058 0.023 0.    0.141 0.6   0.273 0.176 0.    0.    0.    0.    0.    0.    0.   ]
 [0.    0.    0.    0.    0.    0.    0.    0.    0.    0.    0.    0.077 0.108 0.036 0.    0.    0.    0.    0.    0.    0.    0.    0.    0.    0.    0.    0.068 0.006 0.004 0.109 0.004 0.017 0.006 0.001 0.021 0.027 0.076 0.084 0.002 0.003 0.068 0.055 0.    0.    0.    0.    0.009 0.005 0.001 0.001 0.16  0.041 0.001 0.013 0.329 0.085 0.011 0.    0.    0.    0.    0.    0.    0.   ]
 [0.    0.    0.    0.    0.    0.    0.    0.    0.    0.    0.    0.    0.    0.    0.    0.    0.    0.    0.    0.    0.    0.    0.    0.    0.002 0.084 0.252 0.117 0.003 0.109 0.034 0.141 0.14  0.152 0.059 0.099 0.073 0.028 0.001 0.001 0.078 0.091 0.    0.    0.    0.    0.062 0.234 0.342 0.322 0.276 0.084 0.054 0.128 0.184 0.    0.    0.    0.    0.    0.    0.    0.    0.   ]
 [0.    0.    0.    0.    0.    0.    0.    0.    0.    0.    0.    0.    0.    0.    0.    0.    0.    0.    0.    0.    0.    0.    0.    0.    0.017 0.114 0.298 0.299 0.096 0.107 0.069 0.    0.25  0.285 0.049 0.068 0.066 0.032 0.001 0.001 0.088 0.069 0.    0.    0.    0.    0.    0.062 0.231 0.194 0.094 0.307 0.34  0.211 0.015 0.    0.    0.    0.    0.    0.    0.    0.    0.   ]
 [0.    0.    0.    0.    0.    0.    0.    0.    0.    0.    0.    0.    0.    0.    0.    0.    0.    0.    0.    0.    0.    0.    0.    0.    0.001 0.005 0.076 0.086 0.109 0.069 0.118 0.45  0.93  0.277 0.129 0.12  0.027 0.07  0.006 0.    0.089 0.018 0.    0.    0.    0.    0.    0.    0.    0.    0.    0.    0.    0.    0.    0.    0.    0.    0.    0.    0.    0.    0.    0.   ]
 [0.    0.    0.    0.    0.    0.    0.    0.    0.    0.    0.    0.    0.    0.    0.    0.    0.    0.    0.    0.    0.    0.    0.    0.    0.    0.002 0.001 0.    0.092 0.009 0.05  0.049 0.245 0.123 0.134 0.144 0.239 0.062 0.023 0.029 0.077 0.007 0.    0.    0.    0.    0.    0.    0.    0.    0.    0.    0.    0.    0.    0.    0.    0.    0.    0.    0.    0.    0.    0.   ]
 [0.    0.    0.    0.    0.    0.    0.    0.    0.    0.    0.    0.    0.    0.    0.    0.    0.    0.    0.    0.    0.    0.    0.    0.002 0.007 0.001 0.    0.031 0.077 0.001 0.093 0.263 0.203 0.05  0.    0.469 0.292 0.013 0.07  0.077 0.043 0.001 0.    0.    0.    0.    0.    0.    0.    0.    0.    0.    0.    0.    0.    0.    0.    0.    0.    0.    0.    0.    0.    0.   ]
 [0.    0.    0.    0.    0.    0.    0.    0.    0.    0.    0.    0.    0.    0.    0.    0.    0.    0.    0.    0.    0.    0.    0.    0.001 0.02  0.094 0.104 0.075 0.022 0.001 0.    0.005 0.01  0.101 0.534 1.    0.315 0.01  0.053 0.1   0.013 0.    0.    0.    0.    0.    0.    0.    0.    0.    0.    0.    0.    0.    0.    0.    0.    0.    0.    0.    0.    0.    0.    0.   ]
 [0.    0.    0.    0.    0.    0.    0.    0.    0.    0.    0.    0.    0.    0.    0.    0.    0.    0.    0.    0.    0.    0.    0.    0.001 0.001 0.002 0.001 0.003 0.001 0.    0.    0.    0.003 0.066 0.104 0.124 0.192 0.001 0.001 0.082 0.059 0.    0.    0.    0.    0.    0.    0.    0.    0.    0.    0.    0.    0.    0.    0.    0.    0.    0.    0.    0.    0.    0.    0.   ]
 [0.    0.    0.    0.    0.    0.    0.    0.    0.    0.    0.    0.    0.    0.    0.    0.    0.    0.    0.    0.    0.    0.    0.    0.    0.001 0.009 0.003 0.003 0.001 0.    0.    0.    0.    0.1   0.272 0.215 0.024 0.    0.001 0.031 0.094 0.002 0.    0.    0.    0.    0.    0.    0.    0.    0.    0.    0.    0.    0.    0.    0.    0.    0.    0.    0.    0.    0.    0.   ]
 [0.    0.    0.    0.    0.    0.    0.    0.    0.    0.    0.    0.    0.    0.    0.    0.    0.    0.    0.    0.    0.    0.    0.    0.    0.001 0.007 0.021 0.007 0.    0.016 0.001 0.    0.    0.    0.003 0.005 0.    0.    0.001 0.001 0.086 0.011 0.    0.    0.    0.    0.    0.    0.    0.    0.    0.    0.    0.    0.    0.    0.    0.    0.    0.    0.    0.    0.    0.   ]
 [0.    0.    0.    0.    0.    0.    0.    0.    0.    0.    0.    0.    0.    0.    0.    0.    0.    0.    0.    0.    0.    0.    0.    0.    0.    0.001 0.011 0.034 0.044 0.023 0.002 0.    0.    0.    0.    0.    0.    0.013 0.011 0.    0.096 0.013 0.    0.    0.    0.    0.    0.    0.    0.    0.    0.    0.    0.    0.    0.    0.    0.    0.    0.    0.    0.    0.    0.   ]
 [0.    0.    0.    0.    0.    0.    0.    0.    0.    0.    0.    0.    0.    0.    0.    0.    0.    0.    0.    0.    0.    0.    0.    0.    0.    0.    0.003 0.027 0.055 0.055 0.012 0.    0.    0.    0.    0.    0.064 0.122 0.08  0.007 0.096 0.027 0.    0.    0.    0.    0.    0.    0.    0.    0.    0.    0.    0.    0.    0.    0.    0.    0.    0.    0.    0.    0.    0.   ]
 [0.    0.    0.    0.    0.    0.    0.    0.    0.    0.    0.    0.    0.    0.    0.    0.    0.    0.    0.    0.    0.    0.    0.    0.    0.    0.    0.    0.001 0.004 0.014 0.002 0.    0.    0.    0.    0.005 0.104 0.045 0.015 0.008 0.096 0.065 0.    0.    0.    0.    0.    0.    0.    0.    0.    0.    0.    0.    0.    0.    0.    0.    0.    0.    0.    0.    0.    0.   ]
 [0.    0.    0.    0.    0.    0.    0.    0.    0.    0.    0.    0.    0.    0.    0.    0.    0.    0.    0.    0.    0.    0.    0.    0.    0.    0.    0.    0.    0.002 0.001 0.104 0.    0.    0.    0.001 0.003 0.092 0.    0.002 0.002 0.091 0.083 0.    0.    0.    0.    0.    0.    0.    0.    0.    0.    0.    0.    0.    0.    0.    0.    0.    0.    0.    0.    0.    0.   ]
 [0.    0.    0.    0.    0.    0.    0.    0.    0.    0.    0.    0.    0.    0.    0.    0.    0.    0.    0.    0.    0.    0.    0.    0.    0.    0.    0.    0.001 0.053 0.131 0.364 0.    0.    0.    0.001 0.003 0.091 0.    0.002 0.002 0.09  0.084 0.    0.    0.    0.    0.    0.    0.    0.    0.    0.    0.    0.    0.    0.    0.    0.    0.    0.    0.    0.    0.    0.   ]
 [0.    0.    0.    0.    0.    0.    0.    0.    0.    0.    0.    0.    0.    0.    0.    0.    0.    0.    0.    0.    0.    0.    0.    0.    0.    0.    0.    0.001 0.039 0.098 0.37  0.001 0.    0.    0.017 0.001 0.079 0.002 0.    0.002 0.093 0.068 0.    0.    0.    0.    0.    0.    0.    0.    0.    0.    0.    0.    0.    0.    0.    0.    0.    0.    0.    0.    0.    0.   ]
 [0.    0.    0.    0.    0.    0.    0.    0.    0.    0.    0.    0.    0.    0.    0.    0.    0.    0.    0.    0.    0.    0.    0.    0.    0.    0.    0.    0.001 0.004 0.    0.312 0.003 0.    0.    0.182 0.112 0.082 0.035 0.001 0.002 0.094 0.031 0.    0.    0.    0.    0.    0.    0.    0.    0.    0.    0.    0.    0.    0.    0.    0.    0.    0.    0.    0.    0.    0.   ]
 [0.    0.    0.    0.    0.    0.    0.    0.    0.    0.    0.    0.    0.    0.    0.    0.    0.    0.    0.    0.    0.    0.    0.    0.    0.    0.    0.001 0.002 0.    0.011 0.224 0.096 0.001 0.006 0.331 0.155 0.019 0.043 0.003 0.001 0.099 0.013 0.    0.    0.    0.    0.    0.    0.    0.    0.    0.    0.    0.    0.    0.    0.    0.    0.    0.    0.    0.    0.    0.   ]
 [0.    0.    0.    0.    0.    0.    0.    0.    0.    0.    0.    0.    0.    0.    0.    0.    0.    0.    0.    0.    0.    0.    0.    0.    0.005 0.002 0.    0.001 0.001 0.035 0.235 0.267 0.092 0.156 0.164 0.002 0.003 0.01  0.001 0.001 0.096 0.013 0.    0.    0.    0.    0.    0.    0.    0.    0.    0.    0.    0.    0.    0.    0.    0.    0.    0.    0.    0.    0.    0.   ]
 [0.    0.    0.    0.    0.    0.    0.    0.    0.    0.    0.    0.    0.    0.    0.    0.    0.    0.    0.    0.    0.    0.    0.    0.    0.019 0.069 0.    0.002 0.001 0.003 0.101 0.344 0.368 0.217 0.017 0.001 0.    0.    0.    0.004 0.096 0.008 0.    0.    0.057 0.    0.    0.    0.    0.    0.    0.    0.    0.    0.    0.    0.    0.    0.    0.    0.    0.    0.    0.   ]
 [0.    0.    0.    0.    0.    0.    0.    0.    0.    0.    0.    0.    0.    0.    0.    0.    0.    0.    0.    0.    0.    0.    0.    0.    0.003 0.13  0.001 0.002 0.001 0.002 0.002 0.004 0.012 0.004 0.001 0.    0.    0.    0.    0.075 0.082 0.002 0.001 0.001 0.116 0.008 0.    0.    0.    0.    0.    0.    0.    0.    0.    0.    0.    0.    0.    0.    0.    0.    0.    0.   ]
 [0.    0.    0.    0.    0.    0.    0.    0.    0.    0.    0.    0.    0.    0.    0.    0.    0.    0.    0.    0.    0.    0.    0.003 0.015 0.012 0.125 0.012 0.003 0.008 0.069 0.002 0.    0.    0.    0.    0.    0.    0.    0.    0.079 0.026 0.001 0.001 0.003 0.094 0.082 0.    0.    0.    0.    0.    0.    0.    0.    0.    0.    0.    0.    0.    0.    0.    0.    0.    0.   ]
 [0.    0.    0.    0.    0.    0.    0.    0.    0.    0.    0.    0.    0.    0.    0.    0.    0.    0.    0.    0.    0.    0.001 0.    0.001 0.01  0.071 0.027 0.019 0.    0.199 0.002 0.001 0.    0.    0.    0.    0.    0.    0.001 0.123 0.009 0.    0.009 0.015 0.    0.107 0.    0.    0.    0.    0.    0.    0.    0.    0.    0.    0.    0.    0.    0.    0.    0.    0.    0.   ]
 [0.    0.    0.    0.    0.    0.    0.    0.    0.    0.    0.    0.    0.    0.    0.    0.    0.    0.    0.    0.    0.    0.006 0.086 0.112 0.042 0.027 0.008 0.037 0.172 0.26  0.001 0.001 0.    0.001 0.    0.    0.    0.    0.    0.147 0.002 0.002 0.    0.049 0.178 0.108 0.    0.    0.    0.    0.    0.    0.    0.    0.    0.    0.    0.    0.    0.    0.    0.    0.    0.   ]
 [0.05  0.05  0.05  0.05  0.05  0.05  0.05  0.05  0.05  0.05  0.05  0.05  0.05  0.05  0.05  0.05  0.05  0.05  0.05  0.05  0.05  0.05  0.065 0.08  0.106 0.05  0.001 0.037 0.313 0.156 0.05  0.001 0.001 0.001 0.001 0.    0.    0.    0.043 0.114 0.023 0.    0.13  0.173 0.204 0.094 0.05  0.05  0.05  0.05  0.05  0.05  0.05  0.05  0.05  0.05  0.05  0.05  0.05  0.05  0.05  0.05  0.05  0.05 ]
 [0.081 0.081 0.081 0.081 0.081 0.081 0.081 0.081 0.081 0.081 0.081 0.081 0.081 0.081 0.081 0.081 0.081 0.081 0.081 0.081 0.081 0.081 0.081 0.08  0.102 0.129 0.078 0.004 0.338 0.023 0.099 0.149 0.093 0.001 0.001 0.    0.123 0.13  0.069 0.127 0.    0.126 0.174 0.141 0.136 0.081 0.081 0.081 0.081 0.081 0.081 0.081 0.081 0.081 0.081 0.081 0.081 0.081 0.081 0.081 0.081 0.081 0.081 0.081]
 [0.    0.    0.    0.    0.    0.    0.    0.    0.    0.    0.    0.    0.    0.    0.    0.    0.    0.    0.    0.    0.    0.    0.    0.    0.    0.02  0.094 0.177 0.292 0.002 0.    0.092 0.189 0.19  0.197 0.193 0.165 0.044 0.026 0.14  0.216 0.117 0.    0.001 0.003 0.    0.    0.    0.    0.    0.    0.    0.    0.    0.    0.    0.    0.    0.    0.    0.    0.    0.    0.   ]
 [0.    0.    0.    0.    0.    0.    0.    0.    0.    0.    0.    0.    0.    0.    0.    0.    0.    0.    0.    0.    0.    0.    0.    0.    0.    0.    0.    0.179 0.143 0.002 0.    0.    0.    0.    0.    0.    0.    0.    0.08  0.217 0.232 0.004 0.    0.039 0.018 0.002 0.    0.    0.    0.    0.    0.    0.    0.    0.    0.    0.    0.    0.    0.    0.    0.    0.    0.   ]
 [0.    0.    0.    0.    0.    0.    0.    0.    0.    0.    0.    0.    0.    0.    0.    0.    0.    0.    0.    0.    0.    0.    0.    0.    0.    0.    0.    0.184 0.032 0.    0.    0.    0.    0.    0.    0.    0.    0.    0.    0.005 0.093 0.003 0.068 0.227 0.097 0.004 0.    0.    0.    0.    0.    0.    0.    0.    0.    0.    0.    0.    0.    0.    0.    0.    0.    0.   ]
 [0.    0.    0.    0.    0.    0.    0.    0.    0.    0.    0.    0.    0.    0.    0.    0.    0.    0.    0.    0.    0.    0.    0.    0.    0.    0.    0.    0.18  0.003 0.    0.    0.    0.    0.    0.    0.    0.    0.    0.    0.002 0.091 0.016 0.155 0.105 0.002 0.001 0.    0.    0.    0.    0.    0.    0.    0.    0.    0.    0.    0.    0.    0.    0.    0.    0.    0.   ]
 [0.    0.    0.    0.    0.    0.    0.    0.    0.    0.    0.    0.    0.    0.    0.    0.    0.    0.    0.    0.    0.    0.    0.    0.    0.    0.    0.001 0.181 0.002 0.    0.    0.    0.    0.    0.    0.    0.    0.    0.    0.    0.09  0.039 0.148 0.014 0.001 0.    0.    0.    0.    0.    0.    0.    0.    0.    0.    0.    0.    0.    0.    0.    0.    0.    0.    0.   ]
 [0.    0.    0.    0.    0.    0.    0.    0.    0.    0.    0.    0.    0.    0.    0.    0.    0.    0.    0.    0.    0.    0.    0.    0.    0.    0.    0.    0.184 0.003 0.    0.    0.    0.    0.    0.    0.    0.    0.    0.    0.001 0.062 0.082 0.084 0.079 0.004 0.001 0.    0.    0.    0.    0.    0.    0.    0.    0.    0.    0.    0.    0.    0.    0.    0.    0.    0.   ]
 [0.    0.    0.    0.    0.    0.    0.    0.    0.    0.    0.    0.    0.    0.    0.    0.    0.    0.    0.    0.    0.    0.    0.    0.    0.    0.001 0.054 0.183 0.003 0.    0.    0.    0.    0.    0.    0.    0.    0.    0.    0.001 0.006 0.091 0.003 0.17  0.009 0.104 0.    0.    0.    0.    0.    0.    0.    0.    0.    0.    0.    0.    0.    0.    0.    0.    0.    0.   ]
 [0.    0.    0.    0.    0.    0.    0.    0.    0.    0.    0.    0.    0.    0.    0.    0.    0.    0.    0.    0.    0.    0.    0.    0.    0.    0.    0.157 0.182 0.002 0.    0.    0.    0.    0.    0.    0.    0.    0.    0.    0.    0.002 0.134 0.061 0.189 0.046 0.203 0.01  0.009 0.001 0.    0.    0.    0.    0.    0.    0.    0.    0.    0.    0.    0.    0.    0.    0.   ]
 [0.    0.    0.    0.    0.    0.    0.    0.    0.    0.    0.    0.    0.    0.    0.    0.    0.    0.    0.    0.    0.    0.017 0.027 0.001 0.    0.    0.182 0.125 0.    0.    0.    0.    0.    0.    0.    0.    0.    0.    0.    0.    0.002 0.096 0.029 0.041 0.11  0.163 0.158 0.09  0.002 0.    0.    0.    0.    0.    0.    0.    0.    0.    0.    0.    0.    0.    0.    0.   ]
 [0.    0.    0.    0.    0.    0.    0.    0.    0.    0.    0.    0.    0.    0.    0.    0.    0.    0.    0.    0.    0.018 0.248 0.203 0.025 0.002 0.001 0.187 0.031 0.    0.    0.    0.    0.    0.    0.    0.    0.    0.    0.    0.    0.012 0.098 0.037 0.027 0.112 0.169 0.13  0.073 0.023 0.    0.    0.    0.    0.    0.    0.    0.    0.    0.    0.    0.    0.    0.    0.   ]
 [0.    0.    0.    0.    0.    0.    0.    0.    0.    0.    0.    0.    0.    0.    0.    0.    0.    0.    0.    0.    0.028 0.186 0.124 0.059 0.008 0.002 0.186 0.003 0.    0.    0.    0.    0.    0.    0.    0.    0.    0.    0.    0.    0.039 0.26  0.252 0.176 0.129 0.061 0.    0.002 0.002 0.    0.    0.    0.    0.    0.    0.    0.    0.    0.    0.    0.    0.    0.    0.   ]
 [0.    0.    0.    0.    0.    0.    0.    0.    0.    0.    0.    0.    0.    0.    0.    0.    0.    0.    0.    0.    0.001 0.073 0.075 0.034 0.021 0.002 0.183 0.003 0.    0.    0.    0.    0.    0.    0.    0.    0.    0.    0.    0.    0.    0.09  0.003 0.148 0.1   0.    0.002 0.004 0.001 0.    0.    0.    0.    0.    0.    0.    0.    0.    0.    0.    0.    0.    0.    0.   ]
 [0.    0.    0.    0.    0.    0.    0.    0.    0.    0.    0.    0.    0.    0.    0.    0.    0.    0.    0.    0.    0.    0.001 0.027 0.015 0.012 0.01  0.189 0.002 0.    0.    0.001 0.001 0.    0.    0.    0.    0.    0.    0.001 0.    0.001 0.094 0.012 0.122 0.011 0.005 0.003 0.002 0.    0.    0.    0.    0.    0.    0.    0.    0.    0.    0.    0.    0.    0.    0.    0.   ]
 [0.    0.    0.    0.    0.    0.    0.    0.    0.    0.    0.    0.    0.    0.    0.    0.    0.    0.    0.    0.    0.    0.001 0.004 0.012 0.006 0.002 0.181 0.002 0.001 0.    0.001 0.001 0.003 0.    0.001 0.001 0.002 0.    0.011 0.    0.001 0.083 0.014 0.059 0.003 0.003 0.001 0.    0.    0.    0.    0.    0.    0.    0.    0.    0.    0.    0.    0.    0.    0.    0.    0.   ]
 [0.    0.    0.    0.    0.    0.    0.    0.    0.    0.    0.    0.    0.    0.    0.    0.    0.    0.    0.    0.    0.    0.    0.    0.    0.001 0.019 0.219 0.105 0.104 0.106 0.083 0.104 0.195 0.124 0.109 0.107 0.104 0.101 0.217 0.132 0.113 0.078 0.007 0.    0.    0.    0.    0.    0.    0.    0.    0.    0.    0.    0.    0.    0.    0.    0.    0.    0.    0.    0.    0.   ]
 [0.    0.    0.    0.    0.    0.    0.    0.    0.    0.    0.    0.    0.    0.    0.    0.    0.    0.    0.    0.    0.    0.    0.    0.    0.    0.002 0.028 0.008 0.009 0.017 0.027 0.011 0.062 0.15  0.007 0.004 0.005 0.001 0.08  0.133 0.004 0.003 0.001 0.    0.004 0.004 0.001 0.001 0.001 0.    0.    0.    0.    0.    0.    0.    0.    0.    0.    0.    0.    0.    0.    0.   ]
 [0.    0.    0.    0.    0.    0.    0.    0.    0.    0.    0.    0.    0.    0.    0.    0.    0.    0.    0.    0.    0.    0.    0.    0.003 0.001 0.001 0.    0.    0.003 0.001 0.024 0.019 0.076 0.45  0.137 0.    0.004 0.022 0.012 0.198 0.001 0.    0.    0.019 0.179 0.171 0.082 0.001 0.001 0.001 0.    0.    0.    0.    0.    0.    0.    0.    0.    0.    0.    0.    0.    0.   ]
 [0.    0.    0.    0.    0.    0.    0.    0.    0.    0.    0.    0.    0.    0.    0.    0.    0.    0.    0.    0.    0.    0.006 0.01  0.007 0.    0.001 0.001 0.    0.028 0.    0.016 0.028 0.127 0.467 0.152 0.151 0.11  0.029 0.002 0.289 0.001 0.018 0.098 0.162 0.17  0.122 0.141 0.059 0.007 0.002 0.    0.    0.    0.    0.    0.    0.    0.    0.    0.    0.    0.    0.    0.   ]
 [0.    0.    0.    0.    0.    0.    0.    0.    0.    0.    0.    0.    0.    0.    0.    0.    0.    0.    0.    0.    0.014 0.168 0.18  0.171 0.164 0.113 0.018 0.139 0.096 0.04  0.031 0.001 0.    0.326 0.002 0.01  0.008 0.01  0.049 0.414 0.08  0.002 0.002 0.001 0.072 0.088 0.008 0.02  0.018 0.004 0.    0.    0.    0.    0.    0.    0.    0.    0.    0.    0.    0.    0.    0.   ]
 [0.    0.    0.    0.    0.    0.    0.    0.    0.    0.    0.    0.    0.    0.    0.    0.    0.    0.    0.    0.    0.154 0.138 0.005 0.    0.004 0.007 0.019 0.179 0.034 0.005 0.005 0.001 0.002 0.328 0.002 0.004 0.003 0.003 0.001 0.34  0.029 0.018 0.004 0.001 0.001 0.103 0.025 0.006 0.011 0.006 0.    0.    0.    0.    0.    0.    0.    0.    0.    0.    0.    0.    0.    0.   ]
 [0.    0.    0.    0.    0.    0.    0.    0.    0.    0.    0.    0.    0.    0.    0.    0.    0.    0.    0.    0.011 0.158 0.051 0.    0.    0.002 0.004 0.009 0.151 0.002 0.004 0.001 0.001 0.016 0.322 0.    0.003 0.002 0.001 0.001 0.326 0.008 0.014 0.005 0.    0.001 0.069 0.072 0.002 0.001 0.003 0.    0.    0.    0.    0.    0.    0.    0.    0.    0.    0.    0.    0.    0.   ]
 [0.    0.    0.    0.    0.    0.    0.    0.    0.    0.    0.    0.    0.    0.    0.    0.    0.    0.    0.    0.    0.076 0.065 0.011 0.001 0.001 0.003 0.005 0.207 0.072 0.03  0.025 0.    0.04  0.244 0.096 0.086 0.017 0.016 0.006 0.239 0.001 0.003 0.002 0.    0.    0.002 0.047 0.01  0.001 0.    0.    0.    0.    0.    0.    0.    0.    0.    0.    0.    0.    0.    0.    0.   ]
 [0.    0.    0.    0.    0.    0.    0.    0.    0.    0.    0.    0.    0.    0.    0.    0.    0.    0.    0.    0.    0.001 0.025 0.02  0.002 0.001 0.    0.    0.129 0.299 0.389 0.389 0.372 0.264 0.057 0.162 0.361 0.372 0.375 0.364 0.201 0.003 0.001 0.001 0.    0.    0.001 0.009 0.005 0.    0.    0.    0.    0.    0.    0.    0.    0.    0.    0.    0.    0.    0.    0.    0.   ]
 [0.    0.    0.    0.    0.    0.    0.    0.    0.    0.    0.    0.    0.    0.    0.    0.    0.    0.    0.    0.    0.001 0.002 0.005 0.    0.    0.    0.001 0.007 0.003 0.011 0.015 0.009 0.001 0.    0.006 0.001 0.    0.007 0.01  0.002 0.003 0.002 0.    0.    0.    0.    0.    0.    0.    0.    0.    0.    0.    0.    0.    0.    0.    0.    0.    0.    0.    0.    0.    0.   ]
 [0.    0.    0.    0.    0.    0.    0.    0.    0.    0.    0.    0.    0.    0.    0.    0.    0.    0.    0.    0.    0.    0.    0.    0.    0.    0.    0.    0.    0.    0.002 0.004 0.01  0.004 0.003 0.01  0.006 0.006 0.01  0.008 0.    0.    0.    0.    0.    0.    0.    0.    0.    0.    0.    0.    0.    0.    0.    0.    0.    0.    0.    0.    0.    0.    0.    0.    0.   ]
 [0.    0.    0.    0.    0.    0.    0.    0.    0.    0.    0.    0.    0.    0.    0.    0.    0.    0.    0.    0.    0.    0.    0.    0.    0.    0.    0.    0.    0.    0.    0.002 0.002 0.001 0.001 0.001 0.    0.    0.    0.    0.    0.    0.    0.    0.    0.    0.    0.    0.    0.    0.    0.    0.    0.    0.    0.    0.    0.    0.    0.    0.    0.    0.    0.    0.   ]]