[[  0.    0.    0.    0.    0.    0.    0.    0.    0.    0.    0.    0.    0.    0.    0.    0.    0.    0.    0.    0.    0.    0.    0.    0.    0.    0.    0.    0.    0.    0.    0.    0.    0.    0.    0.    0.    0.    0.    0.    0.    0.    0.    0.    0.    0.    0.    0.    0.    0.    0.    0.    0.    0.    0.    0.    0.    0.    0.    0.    0.    0.    0.    0.    0. ]
 [  0.    0.    0.    0.    0.    0.    0.    0.    0.    0.    0.    0.    0.1   0.    0.    0.1   0.    0.    0.    0.    0.    0.    0.    0.    0.    0.    0.    0.    0.    0.    0.    0.    0.    0.    0.    0.    0.    0.    0.    0.    0.    0.    0.    0.    0.    0.    0.    0.    0.    0.    0.    0.    0.    0.    0.    0.    0.    0.    0.    0.    0.    0.    0.    0. ]
 [  0.    0.    0.    0.    0.    0.    0.    0.    0.    0.1   0.    0.1   0.    6.2   1.5   0.    7.7   1.1   0.    0.    0.    0.    0.    0.    0.    0.    0.    0.    0.    0.    0.    0.    0.    0.    0.    0.    0.    0.    0.    0.    0.    0.    0.    0.    0.    0.    0.    0.    0.    0.    0.    0.    0.    0.    0.    0.    0.    0.    0.    0.    0.    0.    0.    0. ]
 [  0.    0.    0.    0.    0.    0.    0.    0.    0.1   0.1   3.9   6.9   0.8  14.2  16.1   0.9  18.6  18.7   0.    0.    0.    0.    0.    0.    0.    0.    0.    0.    0.    0.    0.    0.    0.    0.    0.    0.    0.    0.    0.    0.    0.    0.    0.    0.    0.    0.    0.    0.    0.    0.    0.    0.    0.    0.7   0.    0.    0.    0.    0.    0.    0.    0.    0.    0. ]
 [  0.    0.    0.    0.    0.    0.    0.    0.    1.1   0.9   4.3   8.8   0.2   9.7  14.8   0.1  12.7  30.6   0.    0.    0.    0.    0.    0.    0.    0.    0.    0.    0.    0.    0.    0.    0.    0.    0.    0.    0.    0.    0.    0.    0.    0.    0.    0.    0.    0.    0.    0.    0.1   0.3   2.    0.9   0.    1.9   6.9   0.    0.    0.    0.    0.    0.    0.    0.    0. ]
 [  0.    0.    0.    0.    0.    0.    0.    0.    1.1   0.1   0.2   3.3   0.    0.1   1.1   0.1   7.7  30.6   0.    0.    0.    0.    0.    0.    0.    0.    0.    0.    0.    0.    0.    0.    0.    0.    0.    0.    0.1   0.    0.    0.    0.    0.    0.    0.    0.    0.    0.    0.2   1.    0.6  10.3  13.1   0.9   0.3  20.7   9.2   0.    0.    0.    0.    0.    0.    0.    0. ]
 [  0.    0.    0.    0.    0.    0.    0.    0.6   2.    0.6   0.    0.    0.    0.    0.    0.   17.1  24.5   0.    0.    0.    0.    0.    0.    0.    0.    0.    0.    0.    0.    0.    0.    0.    0.    0.    0.    0.1   0.2   0.    0.    0.    0.    0.    0.    0.    0.    0.1   2.6   4.2   0.3   8.3  12.1   0.    0.1  21.3  26.6   1.1   0.    0.    0.    0.    0.    0.    0. ]
 [  0.    0.    0.    0.    0.    0.    0.    0.    0.9   0.    6.2   0.    0.    0.    0.    6.2   7.2  23.6   0.    0.    0.    0.    0.    0.    0.    0.    0.    0.    0.    0.    0.    0.    0.    0.    0.    0.1   0.    1.7   0.1   0.    0.    0.    0.    0.    0.    0.5   1.5   4.9   7.4   0.    0.1   0.6   0.    0.    5.3  19.9  13.2   0.    0.    0.    0.    0.    0.    0. ]
 [  0.    0.    0.    0.    0.    0.    0.    0.1   1.2   0.   16.8   0.3   0.    0.    5.1   0.1   0.1  28.8   0.    0.    0.    0.    0.    0.    0.    0.    0.    0.1   0.1   0.    0.    0.    0.    0.    0.1   0.4   0.3   7.3   0.7   0.    0.    0.    0.    0.    0.    0.9   0.9   2.5   4.1   0.    0.    0.    0.    1.    3.    0.9  29.6   0.    0.    0.    0.    0.    0.    0. ]
 [  0.    0.    0.    0.    0.    0.    0.    0.4   0.1   0.4  14.8   0.5   0.    0.   24.    0.    0.   19.6   0.    0.    0.    0.    0.    0.    0.    0.    0.1   0.    0.2   0.    0.1   0.1   0.1   0.    0.1   0.1   0.2   8.8   1.2   0.    0.    0.    0.    0.    0.    0.5   0.1   0.1   0.    0.    0.    0.    0.    0.    0.    0.1  30.1   0.    0.    0.    0.    0.    0.    0. ]
 [  0.    0.    0.    0.    0.    0.    0.    7.   22.9  23.1   8.1   0.3   0.1  25.2  56.8  34.8  21.7   9.8   0.    0.    0.    0.    0.    0.    0.    0.1   0.1   0.2   4.1   3.9   0.2   0.2   0.3   0.    0.1   0.3   0.    9.3   1.1   0.    0.1   0.2   0.    0.    3.2  20.8  30.7  18.    0.    0.    0.    0.    0.    0.   11.    0.   25.8   0.    0.    0.    0.    0.    0.    0. ]
 [  0.    0.    0.    0.    0.    0.    0.    0.    0.    0.    7.5  28.   33.4  28.8  11.2   0.    0.    0.    0.    0.    0.    0.    0.    0.    0.1   0.3   0.2   0.2   3.7  10.1   0.2   0.1   0.4   0.4   0.6   0.2   1.1   9.6   0.1   0.1   1.8   0.9   0.    0.    0.    1.5   8.8   7.7   0.    0.    5.8   2.3   0.   14.1  60.   27.3  17.6   0.    0.    0.    0.    0.    0.    0. ]
 [  0.    0.    0.    0.    0.    0.    0.    0.    0.    0.    0.    7.7  10.8   3.6   0.    0.    0.    0.    0.    0.    0.    0.    0.    0.    0.    0.    6.8   0.6   0.4  10.9   0.4   1.7   0.6   0.1   2.1   2.7   7.6   8.4   0.2   0.3   6.8   5.5   0.    0.    0.    0.    0.9   0.5   0.1   0.1  16.    4.1   0.1   1.3  32.9   8.5   1.1   0.    0.    0.    0.    0.    0.    0. ]
 [  0.    0.    0.    0.    0.    0.    0.    0.    0.    0.    0.    0.    0.    0.    0.    0.    0.    0.    0.    0.    0.    0.    0.    0.    0.2   8.4  25.2  11.7   0.3  10.9   3.4  14.1  14.   15.2   5.9   9.9   7.3   2.8   0.1   0.1   7.8   9.1   0.    0.    0.    0.    6.2  23.4  34.2  32.2  27.6   8.4   5.4  12.8  18.4   0.    0.    0.    0.    0.    0.    0.    0.    0. ]
 [  0.    0.    0.    0.    0.    0.    0.    0.    0.    0.    0.    0.    0.    0.    0.    0.    0.    0.    0.    0.    0.    0.    0.    0.    1.7  11.4  29.8  29.9   9.6  10.7   6.9   0.   25.   28.5   4.9   6.8   6.6   3.2   0.1   0.1   8.8   6.9   0.    0.    0.    0.    0.    6.2  23.1  19.4   9.4  30.7  34.   21.1   1.5   0.    0.    0.    0.    0.    0.    0.    0.    0. ]
 [  0.    0.    0.    0.    0.    0.    0.    0.    0.    0.    0.    0.    0.    0.    0.    0.    0.    0.    0.    0.    0.    0.    0.    0.    0.1   0.5   7.6   8.6  10.9   6.9  11.8  45.   93.   27.7  12.9  12.    2.7   7.    0.6   0.    8.9   1.8   0.    0.    0.    0.    0.    0.    0.    0.    0.    0.    0.    0.    0.    0.    0.    0.    0.    0.    0.    0.    0.    0. ]
 [  0.    0.    0.    0.    0.    0.    0.    0.    0.    0.    0.    0.    0.    0.    0.    0.    0.    0.    0.    0.    0.    0.    0.    0.    0.    0.2   0.1   0.    9.2   0.9   5.    4.9  24.5  12.3  13.4  14.4  23.9   6.2   2.3   2.9   7.7   0.7   0.    0.    0.    0.    0.    0.    0.    0.    0.    0.    0.    0.    0.    0.    0.    0.    0.    0.    0.    0.    0.    0. ]
 [  0.    0.    0.    0.    0.    0.    0.    0.    0.    0.    0.    0.    0.    0.    0.    0.    0.    0.    0.    0.    0.    0.    0.    0.2   0.7   0.1   0.    3.1   7.7   0.1   9.3  26.3  20.3   5.    0.   46.9  29.2   1.3   7.    7.7   4.3   0.1   0.    0.    0.    0.    0.    0.    0.    0.    0.    0.    0.    0.    0.    0.    0.    0.    0.    0.    0.    0.    0.    0. ]
 [  0.    0.    0.    0.    0.    0.    0.    0.    0.    0.    0.    0.    0.    0.    0.    0.    0.    0.    0.    0.    0.    0.    0.    0.1   2.    9.4  10.4   7.5   2.2   0.1   0.    0.5   1.   10.1  53.4 100.   31.5   1.    5.3  10.    1.3   0.    0.    0.    0.    0.    0.    0.    0.    0.    0.    0.    0.    0.    0.    0.    0.    0.    0.    0.    0.    0.    0.    0. ]
 [  0.    0.    0.    0.    0.    0.    0.    0.    0.    0.    0.    0.    0.    0.    0.    0.    0.    0.    0.    0.    0.    0.    0.    0.1   0.1   0.2   0.1   0.3   0.1   0.    0.    0.    0.3   6.6  10.4  12.4  19.2   0.1   0.1   8.2   5.9   0.    0.    0.    0.    0.    0.    0.    0.    0.    0.    0.    0.    0.    0.    0.    0.    0.    0.    0.    0.    0.    0.    0. ]
 [  0.    0.    0.    0.    0.    0.    0.    0.    0.    0.    0.    0.    0.    0.    0.    0.    0.    0.    0.    0.    0.    0.    0.    0.    0.1   0.9   0.3   0.3   0.1   0.    0.    0.    0.   10.   27.2  21.5   2.4   0.    0.1   3.1   9.4   0.2   0.    0.    0.    0.    0.    0.    0.    0.    0.    0.    0.    0.    0.    0.    0.    0.    0.    0.    0.    0.    0.    0. ]
 [  0.    0.    0.    0.    0.    0.    0.    0.    0.    0.    0.    0.    0.    0.    0.    0.    0.    0.    0.    0.    0.    0.    0.    0.    0.1   0.7   2.1   0.7   0.    1.6   0.1   0.    0.    0.    0.3   0.5   0.    0.    0.1   0.1   8.6   1.1   0.    0.    0.    0.    0.    0.    0.    0.    0.    0.    0.    0.    0.    0.    0.    0.    0.    0.    0.    0.    0.    0. ]
 [  0.    0.    0.    0.    0.    0.    0.    0.    0.    0.    0.    0.    0.    0.    0.    0.    0.    0.    0.    0.    0.    0.    0.    0.    0.    0.1   1.1   3.4   4.4   2.3   0.2   0.    0.    0.    0.    0.    0.    1.3   1.1   0.    9.6   1.3   0.    0.    0.    0.    0.    0.    0.    0.    0.    0.    0.    0.    0.    0.    0.    0.    0.    0.    0.    0.    0.    0. ]
 [  0.    0.    0.    0.    0.    0.    0.    0.    0.    0.    0.    0.    0.    0.    0.    0.    0.    0.    0.    0.    0.    0.    0.    0.    0.    0.    0.3   2.7   5.5   5.5   1.2   0.    0.    0.    0.    0.    6.4  12.2   8.    0.7   9.6   2.7   0.    0.    0.    0.    0.    0.    0.    0.    0.    0.    0.    0.    0.    0.    0.    0.    0.    0.    0.    0.    0.    0. ]
 [  0.    0.    0.    0.    0.    0.    0.    0.    0.    0.    0.    0.    0.    0.    0.    0.    0.    0.    0.    0.    0.    0.    0.    0.    0.    0.    0.    0.1   0.4   1.4   0.2   0.    0.    0.    0.    0.5  10.4   4.5   1.5   0.8   9.6   6.5   0.    0.    0.    0.    0.    0.    0.    0.    0.    0.    0.    0.    0.    0.    0.    0.    0.    0.    0.    0.    0.    0. ]
 [  0.    0.    0.    0.    0.    0.    0.    0.    0.    0.    0.    0.    0.    0.    0.    0.    0.    0.    0.    0.    0.    0.    0.    0.    0.    0.    0.    0.    0.2   0.1  10.4   0.    0.    0.    0.1   0.3   9.2   0.    0.2   0.2   9.1   8.3   0.    0.    0.    0.    0.    0.    0.    0.    0.    0.    0.    0.    0.    0.    0.    0.    0.    0.    0.    0.    0.    0. ]
 [  0.    0.    0.    0.    0.    0.    0.    0.    0.    0.    0.    0.    0.    0.    0.    0.    0.    0.    0.    0.    0.    0.    0.    0.    0.    0.    0.    0.1   5.3  13.1  36.4   0.    0.    0.    0.1   0.3   9.1   0.    0.2   0.2   9.    8.4   0.    0.    0.    0.    0.    0.    0.    0.    0.    0.    0.    0.    0.    0.    0.    0.    0.    0.    0.    0.    0.    0. ]
 [  0.    0.    0.    0.    0.    0.    0.    0.    0.    0.    0.    0.    0.    0.    0.    0.    0.    0.    0.    0.    0.    0.    0.    0.    0.    0.    0.    0.1   3.9   9.8  37.    0.1   0.    0.    1.7   0.1   7.9   0.2   0.    0.2   9.3   6.8   0.    0.    0.    0.    0.    0.    0.    0.    0.    0.    0.    0.    0.    0.    0.    0.    0.    0.    0.    0.    0.    0. ]
 [  0.    0.    0.    0.    0.    0.    0.    0.    0.    0.    0.    0.    0.    0.    0.    0.    0.    0.    0.    0.    0.    0.    0.    0.    0.    0.    0.    0.1   0.4   0.   31.2   0.3   0.    0.   18.2  11.2   8.2   3.5   0.1   0.2   9.4   3.1   0.    0.    0.    0.    0.    0.    0.    0.    0.    0.    0.    0.    0.    0.    0.    0.    0.    0.    0.    0.    0.    0. ]
 [  0.    0.    0.    0.    0.    0.    0.    0.    0.    0.    0.    0.    0.    0.    0.    0.    0.    0.    0.    0.    0.    0.    0.    0.    0.    0.    0.1   0.2   0.    1.1  22.4   9.6   0.1   0.6  33.1  15.5   1.9   4.3   0.3   0.1   9.9   1.3   0.    0.    0.    0.    0.    0.    0.    0.    0.    0.    0.    0.    0.    0.    0.    0.    0.    0.    0.    0.    0.    0. ]
 [  0.    0.    0.    0.    0.    0.    0.    0.    0.    0.    0.    0.    0.    0.    0.    0.    0.    0.    0.    0.    0.    0.    0.    0.    0.5   0.2   0.    0.1   0.1   3.5  23.5  26.7   9.2  15.6  16.4   0.2   0.3   1.    0.1   0.1   9.6   1.3   0.    0.    0.    0.    0.    0.    0.    0.    0.    0.    0.    0.    0.    0.    0.    0.    0.    0.    0.    0.    0.    0. ]
 [  0.    0.    0.    0.    0.    0.    0.    0.    0.    0.    0.    0.    0.    0.    0.    0.    0.    0.    0.    0.    0.    0.    0.    0.    1.9   6.9   0.    0.2   0.1   0.3  10.1  34.4  36.8  21.7   1.7   0.1   0.    0.    0.    0.4   9.6   0.8   0.    0.    5.7   0.    0.    0.    0.    0.    0.    0.    0.    0.    0.    0.    0.    0.    0.    0.    0.    0.    0.    0. ]
 [  0.    0.    0.    0.    0.    0.    0.    0.    0.    0.    0.    0.    0.    0.    0.    0.    0.    0.    0.    0.    0.    0.    0.    0.    0.3  13.    0.1   0.2   0.1   0.2   0.2   0.4   1.2   0.4   0.1   0.    0.    0.    0.    7.5   8.2   0.2   0.1   0.1  11.6   0.8   0.    0.    0.    0.    0.    0.    0.    0.    0.    0.    0.    0.    0.    0.    0.    0.    0.    0. ]
 [  0.    0.    0.    0.    0.    0.    0.    0.    0.    0.    0.    0.    0.    0.    0.    0.    0.    0.    0.    0.    0.    0.    0.3   1.5   1.2  12.5   1.2   0.3   0.8   6.9   0.2   0.    0.    0.    0.    0.    0.    0.    0.    7.9   2.6   0.1   0.1   0.3   9.4   8.2   0.    0.    0.    0.    0.    0.    0.    0.    0.    0.    0.    0.    0.    0.    0.    0.    0.    0. ]
 [  0.    0.    0.    0.    0.    0.    0.    0.    0.    0.    0.    0.    0.    0.    0.    0.    0.    0.    0.    0.    0.    0.1   0.    0.1   1.    7.1   2.7   1.9   0.   19.9   0.2   0.1   0.    0.    0.    0.    0.    0.    0.1  12.3   0.9   0.    0.9   1.5   0.   10.7   0.    0.    0.    0.    0.    0.    0.    0.    0.    0.    0.    0.    0.    0.    0.    0.    0.    0. ]
 [  0.    0.    0.    0.    0.    0.    0.    0.    0.    0.    0.    0.    0.    0.    0.    0.    0.    0.    0.    0.    0.    0.6   8.6  11.2   4.2   2.7   0.8   3.7  17.2  26.    0.1   0.1   0.    0.1   0.    0.    0.    0.    0.   14.7   0.2   0.2   0.    4.9  17.8  10.8   0.    0.    0.    0.    0.    0.    0.    0.    0.    0.    0.    0.    0.    0.    0.    0.    0.    0. ]
 [  5.    5.    5.    5.    5.    5.    5.    5.    5.    5.    5.    5.    5.    5.    5.    5.    5.    5.    5.    5.    5.    5.    6.5   8.   10.6   5.    0.1   3.7  31.3  15.6   5.    0.1   0.1   0.1   0.1   0.    0.    0.    4.3  11.4   2.3   0.   13.   17.3  20.4   9.4   5.    5.    5.    5.    5.    5.    5.    5.    5.    5.    5.    5.    5.    5.    5.    5.    5.    5. ]
 [  8.1   8.1   8.1   8.1   8.1   8.1   8.1   8.1   8.1   8.1   8.1   8.1   8.1   8.1   8.1   8.1   8.1   8.1   8.1   8.1   8.1   8.1   8.1   8.   10.2  12.9   7.8   0.4  33.8   2.3   9.9  14.9   9.3   0.1   0.1   0.   12.3  13.    6.9  12.7   0.   12.6  17.4  14.1  13.6   8.1   8.1   8.1   8.1   8.1   8.1   8.1   8.1   8.1   8.1   8.1   8.1   8.1   8.1   8.1   8.1   8.1   8.1   8.1]
 [  0.    0.    0.    0.    0.    0.    0.    0.    0.    0.    0.    0.    0.    0.    0.    0.    0.    0.    0.    0.    0.    0.    0.    0.    0.    2.    9.4  17.7  29.2   0.2   0.    9.2  18.9  19.   19.7  19.3  16.5   4.4   2.6  14.   21.6  11.7   0.    0.1   0.3   0.    0.    0.    0.    0.    0.    0.    0.    0.    0.    0.    0.    0.    0.    0.    0.    0.    0.    0. ]
 [  0.    0.    0.    0.    0.    0.    0.    0.    0.    0.    0.    0.    0.    0.    0.    0.    0.    0.    0.    0.    0.    0.    0.    0.    0.    0.    0.   17.9  14.3   0.2   0.    0.    0.    0.    0.    0.    0.    0.    8.   21.7  23.2   0.4   0.    3.9   1.8   0.2   0.    0.    0.    0.    0.    0.    0.    0.    0.    0.    0.    0.    0.    0.    0.    0.    0.    0. ]
 [  0.    0.    0.    0.    0.    0.    0.    0.    0.    0.    0.    0.    0.    0.    0.    0.    0.    0.    0.    0.    0.    0.    0.    0.    0.    0.    0.   18.4   3.2   0.    0.    0.    0.    0.    0.    0.    0.    0.    0.    0.5   9.3   0.3   6.8  22.7   9.7   0.4   0.    0.    0.    0.    0.    0.    0.    0.    0.    0.    0.    0.    0.    0.    0.    0.    0.    0. ]
 [  0.    0.    0.    0.    0.    0.    0.    0.    0.    0.    0.    0.    0.    0.    0.    0.    0.    0.    0.    0.    0.    0.    0.    0.    0.    0.    0.   18.    0.3   0.    0.    0.    0.    0.    0.    0.    0.    0.    0.    0.2   9.1   1.6  15.5  10.5   0.2   0.1   0.    0.    0.    0.    0.    0.    0.    0.    0.    0.    0.    0.    0.    0.    0.    0.    0.    0. ]
 [  0.    0.    0.    0.    0.    0.    0.    0.    0.    0.    0.    0.    0.    0.    0.    0.    0.    0.    0.    0.    0.    0.    0.    0.    0.    0.    0.1  18.1   0.2   0.    0.    0.    0.    0.    0.    0.    0.    0.    0.    0.    9.    3.9  14.8   1.4   0.1   0.    0.    0.    0.    0.    0.    0.    0.    0.    0.    0.    0.    0.    0.    0.    0.    0.    0.    0. ]
 [  0.    0.    0.    0.    0.    0.    0.    0.    0.    0.    0.    0.    0.    0.    0.    0.    0.    0.    0.    0.    0.    0.    0.    0.    0.    0.    0.   18.4   0.3   0.    0.    0.    0.    0.    0.    0.    0.    0.    0.    0.1   6.2   8.2   8.4   7.9   0.4   0.1   0.    0.    0.    0.    0.    0.    0.    0.    0.    0.    0.    0.    0.    0.    0.    0.    0.    0. ]
 [  0.    0.    0.    0.    0.    0.    0.    0.    0.    0.    0.    0.    0.    0.    0.    0.    0.    0.    0.    0.    0.    0.    0.    0.    0.    0.1   5.4  18.3   0.3   0.    0.    0.    0.    0.    0.    0.    0.    0.    0.    0.1   0.6   9.1   0.3  17.    0.9  10.4   0.    0.    0.    0.    0.    0.    0.    0.    0.    0.    0.    0.    0.    0.    0.    0.    0.    0. ]
 [  0.    0.    0.    0.    0.    0.    0.    0.    0.    0.    0.    0.    0.    0.    0.    0.    0.    0.    0.    0.    0.    0.    0.    0.    0.    0.   15.7  18.2   0.2   0.    0.    0.    0.    0.    0.    0.    0.    0.    0.    0.    0.2  13.4   6.1  18.9   4.6  20.3   1.    0.9   0.1   0.    0.    0.    0.    0.    0.    0.    0.    0.    0.    0.    0.    0.    0.    0. ]
 [  0.    0.    0.    0.    0.    0.    0.    0.    0.    0.    0.    0.    0.    0.    0.    0.    0.    0.    0.    0.    0.    1.7   2.7   0.1   0.    0.   18.2  12.5   0.    0.    0.    0.    0.    0.    0.    0.    0.    0.    0.    0.    0.2   9.6   2.9   4.1  11.   16.3  15.8   9.    0.2   0.    0.    0.    0.    0.    0.    0.    0.    0.    0.    0.    0.    0.    0.    0. ]
 [  0.    0.    0.    0.    0.    0.    0.    0.    0.    0.    0.    0.    0.    0.    0.    0.    0.    0.    0.    0.    1.8  24.8  20.3   2.5   0.2   0.1  18.7   3.1   0.    0.    0.    0.    0.    0.    0.    0.    0.    0.    0.    0.    1.2   9.8   3.7   2.7  11.2  16.9  13.    7.3   2.3   0.    0.    0.    0.    0.    0.    0.    0.    0.    0.    0.    0.    0.    0.    0. ]
 [  0.    0.    0.    0.    0.    0.    0.    0.    0.    0.    0.    0.    0.    0.    0.    0.    0.    0.    0.    0.    2.8  18.6  12.4   5.9   0.8   0.2  18.6   0.3   0.    0.    0.    0.    0.    0.    0.    0.    0.    0.    0.    0.    3.9  26.   25.2  17.6  12.9   6.1   0.    0.2   0.2   0.    0.    0.    0.    0.    0.    0.    0.    0.    0.    0.    0.    0.    0.    0. ]
 [  0.    0.    0.    0.    0.    0.    0.    0.    0.    0.    0.    0.    0.    0.    0.    0.    0.    0.    0.    0.    0.1   7.3   7.5   3.4   2.1   0.2  18.3   0.3   0.    0.    0.    0.    0.    0.    0.    0.    0.    0.    0.    0.    0.    9.    0.3  14.8  10.    0.    0.2   0.4   0.1   0.    0.    0.    0.    0.    0.    0.    0.    0.    0.    0.    0.    0.    0.    0. ]
 [  0.    0.    0.    0.    0.    0.    0.    0.    0.    0.    0.    0.    0.    0.    0.    0.    0.    0.    0.    0.    0.    0.1   2.7   1.5   1.2   1.   18.9   0.2   0.    0.    0.1   0.1   0.    0.    0.    0.    0.    0.    0.1   0.    0.1   9.4   1.2  12.2   1.1   0.5   0.3   0.2   0.    0.    0.    0.    0.    0.    0.    0.    0.    0.    0.    0.    0.    0.    0.    0. ]
 [  0.    0.    0.    0.    0.    0.    0.    0.    0.    0.    0.    0.    0.    0.    0.    0.    0.    0.    0.    0.    0.    0.1   0.4   1.2   0.6   0.2  18.1   0.2   0.1   0.    0.1   0.1   0.3   0.    0.1   0.1   0.2   0.    1.1   0.    0.1   8.3   1.4   5.9   0.3   0.3   0.1   0.    0.    0.    0.    0.    0.    0.    0.    0.    0.    0.    0.    0.    0.    0.    0.    0. ]
 [  0.    0.    0.    0.    0.    0.    0.    0.    0.    0.    0.    0.    0.    0.    0.    0.    0.    0.    0.    0.    0.    0.    0.    0.    0.1   1.9  21.9  10.5  10.4  10.6   8.3  10.4  19.5  12.4  10.9  10.7  10.4  10.1  21.7  13.2  11.3   7.8   0.7   0.    0.    0.    0.    0.    0.    0.    0.    0.    0.    0.    0.    0.    0.    0.    0.    0.    0.    0.    0.    0. ]
 [  0.    0.    0.    0.    0.    0.    0.    0.    0.    0.    0.    0.    0.    0.    0.    0.    0.    0.    0.    0.    0.    0.    0.    0.    0.    0.2   2.8   0.8   0.9   1.7   2.7   1.1   6.2  15.    0.7   0.4   0.5   0.1   8.   13.3   0.4   0.3   0.1   0.    0.4   0.4   0.1   0.1   0.1   0.    0.    0.    0.    0.    0.    0.    0.    0.    0.    0.    0.    0.    0.    0. ]
 [  0.    0.    0.    0.    0.    0.    0.    0.    0.    0.    0.    0.    0.    0.    0.    0.    0.    0.    0.    0.    0.    0.    0.    0.3   0.1   0.1   0.    0.    0.3   0.1   2.4   1.9   7.6  45.   13.7   0.    0.4   2.2   1.2  19.8   0.1   0.    0.    1.9  17.9  17.1   8.2   0.1   0.1   0.1   0.    0.    0.    0.    0.    0.    0.    0.    0.    0.    0.    0.    0.    0. ]
 [  0.    0.    0.    0.    0.    0.    0.    0.    0.    0.    0.    0.    0.    0.    0.    0.    0.    0.    0.    0.    0.    0.6   1.    0.7   0.    0.1   0.1   0.    2.8   0.    1.6   2.8  12.7  46.7  15.2  15.1  11.    2.9   0.2  28.9   0.1   1.8   9.8  16.2  17.   12.2  14.1   5.9   0.7   0.2   0.    0.    0.    0.    0.    0.    0.    0.    0.    0.    0.    0.    0.    0. ]
 [  0.    0.    0.    0.    0.    0.    0.    0.    0.    0.    0.    0.    0.    0.    0.    0.    0.    0.    0.    0.    1.4  16.8  18.   17.1  16.4  11.3   1.8  13.9   9.6   4.    3.1   0.1   0.   32.6   0.2   1.    0.8   1.    4.9  41.4   8.    0.2   0.2   0.1   7.2   8.8   0.8   2.    1.8   0.4   0.    0.    0.    0.    0.    0.    0.    0.    0.    0.    0.    0.    0.    0. ]
 [  0.    0.    0.    0.    0.    0.    0.    0.    0.    0.    0.    0.    0.    0.    0.    0.    0.    0.    0.    0.   15.4  13.8   0.5   0.    0.4   0.7   1.9  17.9   3.4   0.5   0.5   0.1   0.2  32.8   0.2   0.4   0.3   0.3   0.1  34.    2.9   1.8   0.4   0.1   0.1  10.3   2.5   0.6   1.1   0.6   0.    0.    0.    0.    0.    0.    0.    0.    0.    0.    0.    0.    0.    0. ]
 [  0.    0.    0.    0.    0.    0.    0.    0.    0.    0.    0.    0.    0.    0.    0.    0.    0.    0.    0.    1.1  15.8   5.1   0.    0.    0.2   0.4   0.9  15.1   0.2   0.4   0.1   0.1   1.6  32.2   0.    0.3   0.2   0.1   0.1  32.6   0.8   1.4   0.5   0.    0.1   6.9   7.2   0.2   0.1   0.3   0.    0.    0.    0.    0.    0.    0.    0.    0.    0.    0.    0.    0.    0. ]
 [  0.    0.    0.    0.    0.    0.    0.    0.    0.    0.    0.    0.    0.    0.    0.    0.    0.    0.    0.    0.    7.6   6.5   1.1   0.1   0.1   0.3   0.5  20.7   7.2   3.    2.5   0.    4.   24.4   9.6   8.6   1.7   1.6   0.6  23.9   0.1   0.3   0.2   0.    0.    0.2   4.7   1.    0.1   0.    0.    0.    0.    0.    0.    0.    0.    0.    0.    0.    0.    0.    0.    0. ]
 [  0.    0.    0.    0.    0.    0.    0.    0.    0.    0.    0.    0.    0.    0.    0.    0.    0.    0.    0.    0.    0.1   2.5   2.    0.2   0.1   0.    0.   12.9  29.9  38.9  38.9  37.2  26.4   5.7  16.2  36.1  37.2  37.5  36.4  20.1   0.3   0.1   0.1   0.    0.    0.1   0.9   0.5   0.    0.    0.    0.    0.    0.    0.    0.    0.    0.    0.    0.    0.    0.    0.    0. ]
 [  0.    0.    0.    0.    0.    0.    0.    0.    0.    0.    0.    0.    0.    0.    0.    0.    0.    0.    0.    0.    0.1   0.2   0.5   0.    0.    0.    0.1   0.7   0.3   1.1   1.5   0.9   0.1   0.    0.6   0.1   0.    0.7   1.    0.2   0.3   0.2   0.    0.    0.    0.    0.    0.    0.    0.    0.    0.    0.    0.    0.    0.    0.    0.    0.    0.    0.    0.    0.    0. ]
 [  0.    0.    0.    0.    0.    0.    0.    0.    0.    0.    0.    0.    0.    0.    0.    0.    0.    0.    0.    0.    0.    0.    0.    0.    0.    0.    0.    0.    0.    0.2   0.4   1.    0.4   0.3   1.    0.6   0.6   1.    0.8   0.    0.    0.    0.    0.    0.    0.    0.    0.    0.    0.    0.    0.    0.    0.    0.    0.    0.    0.    0.    0.    0.    0.    0.    0. ]
 [  0.    0.    0.    0.    0.    0.    0.    0.    0.    0.    0.    0.    0.    0.    0.    0.    0.    0.    0.    0.    0.    0.    0.    0.    0.    0.    0.    0.    0.    0.    0.2   0.2   0.1   0.1   0.1   0.    0.    0.    0.    0.    0.    0.    0.    0.    0.    0.    0.    0.    0.    0.    0.    0.    0.    0.    0.    0.    0.    0.    0.    0.    0.    0.    0.    0. ]]